26.091
27.437
24.961
25.194
22.428
21.933
19.604
19.324
20.108
17.487
15.96
16.082
19.303
20.816
17.421
17.135
20.821
20.249
17.474
19.532
22.441
20.467
18.497
21.269
24.253
26.346
28.231
27.118
30.122
28.78
31.156
29.191
29.487
33.184
33.94
31.961
33.778
37.207
36.426
35.384
38.507
40.955
41.976
44.618
42.604
39.438
39.679
40.193
36.488
35.308
34.849
33.759
30.854
29.903
29.654
27.438
30.045
31.439
34.805
37.608
37.3
40.905
40.206
36.989
38.291
41.229
38.822
36.653
39.562
40.826
37.492
36.751
40.118
38.879
37.942
34.169
34.023
35.295
31.688
29.874
29.106
26.566
27.916
25.834
26.933
29.653
30.201
29.055
30.715
31.743
35.535
34.575
32.541
35.444
37.851
35.66
35.733
39.569
39.899
37.775
34.864
31.793
28.372
25.332
22.614
22.348
19.163
17.976
15.795
13.724
12.261
11.073
13.347
10.481
10.26
13.933
14.225
11.453
12.823
16.144
14.99
13.285
16.37
18.075
20.966
22.804
26.322
28.355
26.333
25.086
21.452
18.996
15.513
12.92
10.854
7.667
8.263
10.221
10.584
12.639
10.533
11.505
11.718
15.26
17.037
18.527
16.517
19.53
21.763
19.389
21.826
20.683
20.09
21.658
21.171
23.818
25.618
25.037
21.262
20.054
17.942
20.712
23.378
20.732
20.001
23.644
23.859
20.894
22.603
25.889
23.794
22.188
25.463
27.78
25.882
22.709
24.84
25.494
21.847
22.743
26.209
24.857
21.773
24.305
26.114
22.815
22.141
25.497
24.765
27.363
24.855
21.066
19.512
16.181
14.39
12.218
9.688
11.316
8.045
6.346
6.324
9.572
8.001
6.592
9.958
11.381
8.907
9.716
13.339
12.663
10.927
14.037
16.624
15.055
52.849
49.969
47.988
44.925
44.503
40.811
39.512
37.742
39.651
42.426
42.201
46.035
46.427
49.254
51.124
51.071
51.825
55.314
56.05
54.877
56.903
60.117
59.71
58.502
60.217
56.989
56.198
53.394
51.105
49.07
46.587
46.253
50.042
50.074
47.195
48.619
51.895
50.146
48.279
51.553
53.491
50.617
50.997
48.368
47.255
45.942
46.226
42.426
41.903
42.759
39.271
37.591
40.075
39.62
35.907
36.396
35.011
36.126
38.036
36.412
37.089
38.219
41.06
42.314
42.205
44.428
47.067
47.149
47.475
50.385
52.114
51.628
53.39
56.7
59.347
59.072
55.549
56.377
57.065
54.162
52.875
50.72
47.525
46.813
43.697
42.677
40.135
37.92
34.709
33.11
33.921
37.605
37.446
35.776
38.413
41.143
39.148
38.768
42.49
43.86
45.066
44.278
45.707
46.877
45.492
42.878
43.331
40.535
41.545
38.46
38.125
34.932
33.748
34
37.817
38.508
38.291
40.992
43.313
43.201
43.687
46.97
48.198
51.418
53.077
56.339
54.841
57.764
57.776
54.264
55.561
52.896
53.093
50.671
51.6
50.304
49.977
53.056
55.204
58.484
61.82
62.37
59.172
58.064
60.722
60.716
62.933
64.752
65.36
65.023
62.57
59.723
56.412
53.19
49.444
47.27
44.885
41.923
42.561
40.082
37.066
34.443
36.312
36.952
33.162
32.45
35.071
33.428
29.993
31.549
33.424
30.172
28.312
30.924
33.824
32.326
30.655
34.116
34.121
31.291
32.813
36.175
34.685
32.796
36.11
37.702
34.782
35.366
39.076
40.312
42.119
42.643
40.627
41.854
40.266
42.589
41.664
42.835
42.211
45.271
48.459
50.527
53.132
50.429
48.634
52.102
52.492
48.993
49.966
53.23
51.111
48.992
51.868
55.001
39.889
37.786
35.671
33.36
30.712
29.752
26.973
23.567
20.294
19.756
23.284
23.547
25.595
23.528
23.373
27.21
27.722
26.08
28.712
31.696
30.479
30.02
33.252
35.566
33.938
33.707
30.472
28.303
27.381
24.408
22.987
19.704
19.273
20.161
17.763
14.693
15.373
15.498
12.266
10.65
11.905
11.185
14.916
15.772
18.836
17.303
13.467
13.556
14.418
10.917
9.552
12.753
13.253
9.595
10.111
13.278
15.563
18.922
18.787
20.972
24.665
24.879
22.376
23.858
27.487
26.326
24.857
28.003
30.424
28.39
28.408
32.046
32.667
31.105
33.644
32.914
34.377
37.93
38.942
37.301
33.933
32.18
30.373
27.329
25.483
27.895
29.493
26.723
27.886
31.221
30.568
30.14
33.423
35.246
33.908
35.472
38.737
38.72
37.999
40.924
38.723
40.733
39.643
41.404
39.142
36.473
34.358
32.145
29.219
28.356
24.898
23.064
20.186
17.694
17.934
17.208
13.469
12.84
15.486
13.823
10.181
11.062
12.993
11.759
13.531
13.735
13.688
15.058
18.239
18.402
18.766
17.538
16.026
14.575
11.529
13.237
16.941
17.749
14.637
14.325
14.45
10.828
8.801
8.028
10.089
13.497
15.961
17.344
14.392
11.444
9.898
7.72
9.516
8.095
8.553
10.158
7.852
10.23
10.522
7.944
8.799
8.506
10.514
13.256
13.347
13.793
16.525
18.379
18.47
19.798
22.374
23.627
23.673
25.231
26.706
28.101
30.859
32.326
33.617
36.059
36.742
37.96
39.55
41.74
42.295
43.488
45.857
47.468
48.082
45.461
43.112
42.614
39.611
38.027
35.066
32.815
30.175
26.964
24.904
26.476
24.505
24.721
27.123
29.321
29.563
30.354
33.247
34.79
34.772
36.684
39.364
39.744
39.661
41.318
